21
Line 2 392 312 223 150 
Line 2 234 433 388 125 
Line 2 107 107 277 370 
Line 2 54 429 201 126 
Line 2 168 527 64 314 
Line 2 83 435 225 229 
Line 2 243 508 109 217 
Line 2 196 425 410 98 
Circle 2 326 343 508 126 
Circle 2 509 140 345 426 
Circle 2 307 479 552 242 
Circle 2 606 284 395 458 
Rectangle 2 147 507 297 253 
Rectangle 2 364 196 158 104 
RightTriangle 2 321 505 513 88 
Polygon 8 410 534 39 282 229 51 649 169 652 287 619 475 702 501 410 534 
Polygon 4 473 510 548 82 709 396 473 510 
Line 2 353 381 79 198 
Line 2 256 481 297 214 
Line 2 36 249 324 417 
Line 2 69 542 19 249 
